{"page_name": "PMC2359745_6", "tables": [{"table_name": "PMC2359745_table_2", "html": "<table><tr><td></td><td>Total points at GCSE</td><td>Number of GCSEs taken</td><td>Difficulty of GCSEs taken</td><td>Independent (private)</td><td>Female sex</td><td>Higher socio- economic</td><td>Greater parental</td><td>Non-white ethnicity</td></tr><tr><td>Total points at GCSE</td><td>1.000</td><td>0.658 ***</td><td>0.187 ***</td><td>0.265 ***</td><td>0.115 ***</td><td>0.295 ***</td><td>0.338 ***</td><td>-0.051 ***</td></tr><tr><td>Number of GCSEs taken</td><td>0.658 ***</td><td>1.000</td><td>-0.006</td><td>0.057 ***</td><td>0.058 ***</td><td>0.159 ***</td><td>0.167 ***</td><td>-0.018 *</td></tr><tr><td>Difficulty of GCSEs taken</td><td>0.187 ***</td><td>-0.006</td><td>1.000</td><td>0.286 ***</td><td>0.000</td><td>0.098 ***</td><td>0.140 ***</td><td>-0.017</td></tr><tr><td>Independent (private)</td><td>0.265 ***</td><td>0.057 ***</td><td>0.286 ***</td><td>1.000</td><td>0.002</td><td>0.153 ***</td><td>0.228 ***</td><td>0.001</td></tr><tr><td>Female sex</td><td>0.115 ***</td><td>0.058 ***</td><td>0.000</td><td>0.002</td><td>1.000</td><td>-0.025 **</td><td>0.004</td><td>-0.003</td></tr><tr><td>Higher socio- economic group+</td><td>0.295 ***</td><td>0.159 ***</td><td>0.098 ***</td><td>0.153 ***</td><td>-0.025 **</td><td>1.000</td><td>0.318 ***</td><td>-0.044 ***</td></tr><tr><td>Greater parental education</td><td>0.338 ***</td><td>0.167 ***</td><td>0.140 ***</td><td>0.228 ***</td><td>0.004</td><td>0.318 ***</td><td>1.000</td><td>-0.050 ***</td></tr><tr><td>Non-white Ethnicity</td><td>-0.051 ***</td><td>-0.018 *</td><td>-0.017</td><td>0.001</td><td>-0.003</td><td>-0.044 ***</td><td>-0.050 ***</td><td>1.000</td></tr></table>"}]}